9.755510075149978,-5.342775690849506
6.9324147111828225,-5.521936871203565
17.30178514808863,-4.2090486598304615
1.7360052986324022,-6.166472283570133
14.592502451983826,-2.8509300683801477
16.592502451983826,3.1490699316198523
19.784070630051534,-9.45878737062824
18.013231192278088,-5.078572071005814
10.81578613299963,-5.454731371138275
16.56905687867269,-0.5969205514344265
17.579285965002725,-4.015980624586358
16.886276578401183,-2.932827331938894
-2.99788991947986,-6.067493268547633
9.420192823539352,-5.912499836339088
6.038674217806417,-5.296623987833667
17.138493510217707,-2.256996326157219
16.437942193703552,-0.13212958818915777
9.944386452026777,-5.5631912848727705
16.074209558182122,0.7188617399421484
16.889125215238938,-3.327057667968734
-0.5342629641735237,-5.848681576892553
10.628408050348634,-5.094947265011693
10.994591607389419,-6.9659529044012345
17.260111803731895,-4.837418951577094
16.295354166345874,-0.2106003542171937
6.4791640816814375,-6.062137743515719
10.577207165065333,-6.488710168269231
9.873446597500378,-5.602443691119318
18.20357793530732,-5.443246973616185
19.031777992675895,-9.165802437028635
10.10398826629928,-6.429202611435919
8.639710077121578,-5.347539273218334
-2.407497548016174,-2.8509300683801477
16.646038122683635,-0.4997415866574131
18.592502451983826,2.1490699316198523
17.07225181734034,-2.928211020270886
9.766487058633924,-5.642802537204002
-2.475034289447021,-6.297827879341232
0.2909504843949051,-6.069743007121454
13.247157190706814,-5.7131462212317015
10.738950892675641,-6.880967543338136
18.07472663737648,-4.936705695592785
-3.013737380454044,-5.89140182222012
0.2933896696554745,-6.028353363080094
16.20094965604209,-0.27746115443665076
17.11945128572951,-2.960842605570415
6.226682824878928,-5.332717322879518
16.762308574637515,-0.941784111960263
-0.28253046716522956,-5.837618069360308
17.222127560392526,-2.4616798981639643
16.41055544883936,0.6076372258891771
11.32892466332555,-8.332558759017918
2.5989511522850863,-5.962373497135411
10.758970606684086,-5.498796209817434
10.245977318764002,-6.04242985115688
10.168118852249865,-6.111921551326019
17.916896436554325,-6.350940438831861
10.114266945788374,-6.6802799651024065
10.327709657549837,-7.163434085211281
6.238458365869412,-5.780445484332702
10.379874563097191,-7.316852427050698
12.592502451983826,3.1490699316198523
-5.407497548016174,0.14906993161985227
11.58840254382312,-5.37275108212864
10.946149193268568,-6.0699190328134875
3.9795907616909476,-5.76553562424767
16.5077720176806,-0.27951139482388365
17.786739569590956,-3.9080735130457236
19.263410940290164,-5.041185201616344
12.793605152971162,-5.371697562190881
17.873410065592886,-5.364927364828851
-13.621717272196067,-6.395053230042914
9.530161302661433,-5.508212190583782
1.7812409996214882,-5.735336787771655
10.302105022099708,-6.327907769896823
-0.7888461910328601,-5.863462825873921
10.751958701462046,-5.487321454859043
16.707267763605202,-1.334588116309672
16.429377610475363,-5.252709484120062
10.795797811809987,-7.0488614911899266
17.90322894659762,-5.322425320590067
10.556936842114547,-7.599423451964174
17.378616820837447,-3.6961184330621935
17.531657746948746,-2.5482281656691237
16.58960796418587,-0.24784276069806443
3.8757237031144056,-5.882251033190002
16.639544649021975,-1.9877091122024242
16.669238193118236,-1.512168848788832
17.111414833043696,-2.4412257318246953
10.185762812756089,-5.519002909573812
16.302486523641328,0.7796935081303751
17.632426843843284,-3.411629657601206
9.510180805089908,-6.781928702254619
10.004204705810235,-7.151809687446518
11.637092201112564,-5.046298196735823
16.131004278855333,0.198180048285022
16.92080956237264,-1.710947294330909
17.34239722391605,-2.7926453895104255
16.357305248992283,0.1116146436214116
17.13263471748378,-2.417838318599276
4.849593160815962,-5.616891700987968
17.220479683918732,-3.1194864532112354
17.494123697972608,-4.2204167644992125
17.046762327930345,-2.216496502457489
17.91860549620581,-4.098185302390192
17.766032548871454,-4.194711417947201
13.169090243800484,-5.2987747062495245
16.785595858699594,-1.8381203778790105
17.00939200579393,-1.1791376823271078
16.266029314332023,-0.6375913983918196
16.42299512399818,-1.302984394629171
10.861970651525947,-6.957637688369352
10.258921646722904,-6.577977656428419
6.457053085080856,-5.571761217555016
16.10159552306705,0.8823187766914464
10.358695882833644,-7.669794636130403
10.518695337313318,-8.677147572936825
4.229921106629914,-5.424631434898742
16.329771973911523,-1.2562894878482862
10.874855565512245,-5.65313991088607
-7.407497548016174,-5.850930068380148
17.529495042737075,-3.7524624926565364
-4.443163144161091,-6.119016564831691
-6.387761148131826,-6.215067447905143
-3.451507983176806,-6.175539335717198
10.530980086267348,-5.754077409637033
15.483151351606297,-5.4740152532972735
16.71244092305491,-1.8345287187644468
7.592502451983826,3.1490699316198523
18.009267289630575,-6.8943691828007845
10.044390101756267,-6.116401850814578
16.587925277148212,-2.097402506422873
18.130023834741944,-4.8427780278654335
1.4178754588027869,-6.046204924143568
5.697926210444318,-5.412047525278397
14.974397588584015,-5.27954781750258
9.981701139494133,-6.027367282616107
-15.407497548016174,1.1490699316198523
17.22967589637576,-2.701591438267764
16.768606475528703,-0.2639310283035612
17.913704001277498,-4.502040153956687
9.453938861400376,-5.572199398690671
-13.407497548016174,-7.850930068380148
10.379643019302492,-5.479755731141457
10.310615290718314,-6.307261766153579
16.07531937834989,-0.7682428008136393
6.560028657956519,-5.68710551446922
9.91645865069756,-6.490972284694117
9.876936498910677,-5.41136004422475
8.592502451983826,2.1490699316198523
17.327419705590803,-3.131602836691611
17.58697334071405,-3.6516351946159187
6.006075749918289,-5.661440754615778
-1.4849551503592053,-5.647339365824834
15.971895253634296,1.0611943006736024
10.225001014847583,-8.768602439622022
10.205356981708787,-5.954225784483877
11.17463353987665,-5.8190523217384955
17.025786890018328,-3.3473146240112124
16.254478523427263,-0.7050459692968092
16.57112390016318,0.08047614035230533
4.494736564145819,-5.652630834499136
-1.407497548016174,-3.8509300683801477
17.613209789389284,-5.036377292005286
17.602180411248042,-4.321522071676892
18.178760526974603,-5.073929593842393
15.861422596254988,1.4240108613705216
17.498954239168278,-2.276782561761428
10.804775313313208,-6.985470071082309
-7.198603615831537,-6.509532354833121
17.625044543213992,-3.9306054598051774
17.181086555207123,-1.444545952471337
17.546914051827752,-2.742152788706624
16.99731202109698,-3.8152979509351748
-13.003832497139333,-6.951807275481281
16.67347126406833,-1.600733986035486
9.602875877376315,-5.577420822832828
-2.407497548016174,-1.8509300683801477
10.111921921790888,-6.189394809621731
16.993429282610524,-3.1590224459774356
10.652361448839656,-6.492570750862104
18.01833431329261,-4.370972194700674
10.285457597410693,-6.767842983616338
7.310586542577681,-5.581888709555946
7.933297543691013,-5.748580920827368
4.563267009764362,-5.438313301863628
16.258137531507263,-0.12527041715776877
11.018669677489957,-7.385182489953854
17.172733722774147,-2.3364634322145927
16.5277492572428,-3.4614217306533464
4.358907949265287,-6.111393132934596
17.93202495183961,-3.722624973268734
17.641022503418352,-5.280612993278009
14.798207242643608,-5.130725732064188
16.94061162216404,-2.759502298402829
12.190018124292239,-5.451862811934262
3.6165819096236227,-5.595645096513737
11.032889371507972,-5.789645850774311
9.85279948689265,-6.546474609529205
17.690585509285892,-5.654155903039019
18.39718628768859,-6.586265994360389
10.206756568793761,-5.996601165140094
10.761577061103043,-6.568725034808763
3.2708294262947746,-5.7086238789527455
9.61142693257521,-5.228756697209053
5.589575226389527,-5.657518049789362
16.36858200260681,0.18179481292254218
10.218518358996002,-7.062673780889796
16.597419023031417,-1.1357868056595894
17.623640961730533,-3.822598201484726
18.084353998370393,-6.5616575684209835
17.435928164044114,-3.5562435849764604
10.46976843869646,-6.21062104647784
-4.911012599997141,-6.0889278165528395
10.042743782900592,-5.306402673690135
10.564659289336099,-6.086508895199747
10.697775650690062,-7.429149132148862
16.647790669654473,-2.470405098552865
18.221576449715403,-6.513440042677333
16.765442926480034,-1.8658945597781242
10.500875111603222,-5.627592170167492
16.99622248445908,-0.8769148010409789
13.536524052170108,-5.333382290267037
16.819183943753284,-1.5108821940966723
0.6120406166994776,-5.690463507751034
10.210923052609274,-5.942826591017637
-15.36929285493837,-6.779912586958589
10.882780570875216,-7.095857813198354
15.754884545877218,0.612788412525604
10.2067520888196,-7.152908553305326
7.818738952399078,-5.876896072949081
17.096647487272563,-3.1826367610880806
15.64666571299591,1.2556647785923167
9.950666352048032,-5.570005851989742
10.89476238000174,-5.1567420584991925
10.54118653576251,-6.077963827827462
15.935352768656715,1.1313740736043099
16.311234615987164,1.4805155933477234
4.277483662954625,-5.913889239619389
18.153014692131727,-6.263140954703854
16.827736478665575,-3.153022037926262
10.436680966126776,-5.069588092384228
10.899240134886696,-6.41299337464358
16.947656594757934,-2.3293010279862543
10.196334635292537,-5.0608425769899785
13.592502451983826,-9.850930068380148
17.29913626627429,-1.7315988686974246
10.120997664984856,-6.940807701428977
10.256457884145718,-5.459910069624044
17.02485274939554,-2.3481091356919808
17.0228789955854,-2.56303963582547
3.623765587692148,-5.955767227650955
16.318050972169985,0.2483172249293375
10.074777908441696,-7.106757104765699
-9.59907436667499,-6.366105775652911
17.461344601092122,-4.9442668626063995
9.817949000335194,-5.433379939114396
17.57529245251051,-4.2653100432989115
3.2864877478631427,-6.230096354260692
7.0602979518295435,-5.451045936635045
18.404389512213985,-4.322688156227086
10.780837099562183,-5.8181566202932995
10.123819250061,-5.85896508221934
5.196357762275154,-6.047867872095729
-12.407497548016174,-6.850930068380148
17.954763180686598,-4.837128760652365
10.367450988836813,-7.0062693959528755
10.957137432957852,-6.221570604900001
16.617608381332293,-1.3291637405415195
-0.27832381192879163,-5.7840588532193316
8.716917285529677,-5.2548586398362
16.88515312064535,-3.4798765225956068
16.820209765806663,-2.2656822824160203
6.8786126994684516,-5.358349877933994
-2.5968713550872717,-5.623611290704526
12.291490716991419,-5.289527501934153
15.50598569178601,3.0664391782868163
10.673141541288764,-6.5205555670100495
-5.35844285313191,-6.225606707562822
17.170961134457144,-3.395913925973563
9.973267873529476,-6.975640004829058
10.81775002673333,-5.262640221955633
3.6837696407596408,-5.924824646659003
-6.105493457650907,-6.234740021802157
17.390219973188085,-3.9080810213724666
16.215148723902487,-1.5738305881039476
0.7619789077859567,-5.913085789537419
17.111800291314374,-3.886213022873517
17.759476526941153,-4.646663006843948
11.848525087356904,-5.454326201344582
16.36361784528077,-1.5401911361547374
17.90635220566936,-4.053839232262403
9.99959435133626,-5.9569210982167435
17.08608378792451,-2.818226909856025
17.448662339950033,-4.047620148543578
18.63641981259311,-8.079038694429158
15.684847112620384,1.276127965229152
17.59961055477883,-2.802404156528351
18.261356055202093,-5.39926458439043
16.802426681233428,-1.4645613461318774
5.166654858914491,-5.4575330238829425
1.592502451983826,1.1490699316198523
17.383682362435756,-4.24344077050983
17.937160026601575,-4.298701080916742
-2.7231675429372455,-5.920584583535566
17.719340612940904,-5.075788192086755
17.20716837683356,-3.129321540794762
15.813648399040806,1.347271334699748
10.674780477654808,-6.632435554407006
-0.7577304534514706,-5.949033203480679
2.1581399393926093,-6.087932853897235
16.810692143640814,-2.1906436279633232
-4.6202375855623155,-6.116476518324583
6.643759450379336,-5.629376658721739
16.792121181644386,-1.6284882003530115
9.498532455373478,-6.678817841968192
16.708309980729364,-1.3644746823501692
15.900083486930304,-5.225555176113716
18.05579706778807,-5.726402202134247
-11.407497548016174,-6.850930068380148
17.842793724166327,-4.64123468950713
19.62993162505446,-9.850930068380148
16.798168271734372,-1.6783756298224661
0.684000632816347,-5.731456003452675
17.242278500466035,-2.471341622074096
-17.407497548016174,-6.850930068380148
-5.067818800739737,-6.2724203836332935
17.983361145400718,-5.534782779359339
17.03181186175472,-2.8686420369354906
18.04439778631808,-5.4135584692003516
0.14287246687361632,-6.172531389823265
4.580963996030519,-5.654085087710635
16.579825280081714,-1.6345710836879468
16.710070166236445,-0.35885167543717866
9.89778357098384,-5.38229375073047
9.412353038715473,-7.100770894715737
9.85653879631189,-6.177689354948541
16.406490546591666,-1.209060413337865
16.58082643548756,-0.04991599393580248
6.872494349450538,-5.188985004371129
17.186589070795744,-3.7442584681250004
-2.407497548016174,0.14906993161985227
17.2327838916541,-3.53799472181602
6.733924785838552,-5.773835781876473
10.522147681390257,-6.049734709604311
10.07614913882076,-6.966828038213908
17.350814950291838,-1.6022864603731954
10.070759498027977,-6.417123510339744
3.743823050338853,-6.084770990103532
19.266264876908362,-9.146717830553275
9.641189659892497,-5.4544063784548396
-8.190697174802926,-6.264635083001879
13.592502451983826,3.1490699316198523
19.1445952251931,-4.974408498829819
2.842965291708827,-5.552452742361386
9.7722840600472,-5.327819379153857
-1.777860822300756,-6.034492911468462
17.128632936368554,-2.6725622714572563
17.317792942766314,-3.822386091907094
10.197121910185587,-6.339941299947581
-7.745463989033492,-6.65169269245559
-14.407497548016174,-9.850930068380148
9.124191783927575,-5.220584360031499
17.824993800415232,-5.280345663846123
0.29602957808978836,-5.415275748977294
0.9213409132109884,-6.220953568002401
17.568896138413844,-6.1966081832925735
16.772512725377368,-1.0612085014437542
16.596984674881522,-1.5762564334209541
17.728790887739247,-3.2649368473873857
8.993011892056167,-5.550207306510678
16.312340080264665,0.33467748291392674
17.958713795160303,-5.582651185270825
-2.496087221459602,-6.327440853728509
15.685825537132395,1.9140018549078714
17.59355761365521,-3.9269741613327653
-2.462550179717301,-6.063922571957769
17.181428568427048,-1.7974261839532275
16.64280019581592,-2.0500318555453076
5.882524533388413,-5.5432417607065245
17.636303920666343,-3.2769964561497966
18.592502451983826,-7.850930068380148
17.584829880072192,-5.047755315945405
17.939711016602786,-2.837460837376075
16.983864076197893,-1.8959273197976136
17.495134758717935,-2.938035247784818
10.17889716257104,-6.269950504148496
16.3164455889759,-0.7344403166664251
17.977098634981466,-5.047407879497162
17.478365766542332,-5.5017182614428535
7.170705960521894,-5.433705175912886
16.51020318930065,-1.726514387594062
17.268009558419937,-1.6830407165592458
3.525759195575954,-5.548902374860759
10.754221779583421,-5.978076618578645
17.794420128260715,-4.887408026733113
16.16327445619494,-0.9246887692451071
10.39607839983513,-7.347260487239016
11.618885685473183,-5.218722564711891
16.346158649106474,-1.6116452555882468
17.55547814655818,-3.244780068680851
10.50492626457464,-6.161069965801323
7.953927838380076,-5.767737762556873
-7.727865111639479,-6.383680137353901
16.62152414198588,-1.5685985864860585
9.801005375797992,-6.726862855118517
9.929345572753638,-5.765637857211022
15.870806582974959,2.7371174121529878
10.363430318863424,-6.153523630807138
11.200615004886512,-5.58258294093275
17.64840824248084,-4.1802043910889015
17.924335099909204,-4.050646771738473
7.2446102355171655,-5.200677295524343
5.17507796753422,-6.051639724073514
15.61094872090421,1.5105946373698655
16.745311537540314,-1.0959913084972868
10.366653566062922,-7.501763652500437
17.516996638939183,-3.6285203120075264
3.592502451983826,-0.8509300683801477
17.594325692284794,-3.492961531841944
16.627410105463124,-1.7718514888305639
-8.401535213197652,-6.301926659841933
16.453374092269247,-1.7384731488839293
5.286219207104536,-5.6636906592531355
-4.101485001339123,-6.66898441520918
16.630578681124152,-1.6627960067633105
10.261921568618703,-6.702801521066542
-5.062425796214127,-6.175531709812091
3.746132901611543,-5.869876900376939
-4.407497548016174,-0.8509300683801477
18.997174109885123,-5.240338810231215
13.534925949267713,-4.756432800315615
17.597925737817825,-4.775845851381643
10.078156654136006,-6.769893220466283
16.613750843116087,-0.3796539073165106
16.84349850742133,-0.7373908425438249
-16.407497548016174,2.1490699316198523
10.518433459043164,-6.119457916437891
-1.994196698359513,-6.45476444301586
16.192210142039123,-0.8300066567367439
22.592502451983826,3.1490699316198523
12.895167353306979,-5.58507778762874
-5.0321458955884975,-5.986040424400184
10.63605522737441,-5.826722300359999
10.08630236025357,-6.352141800578146
-1.7719659957113993,-5.999864897697855
12.325346271747714,-5.239199323057823
-16.132831781455025,-6.958664241534027
16.747482365507892,-1.570513390950589
17.42783259808394,-4.513516455803469
17.191208634097507,-3.4438395277825
10.51485261781454,-6.921710735789158
10.119441922718599,-6.99004279945731
11.044912619824448,-5.199486688703862
16.48461447414672,0.9632059453817692
12.508288913800051,-5.076692575006586
15.545900111243107,0.945576902700084
-1.3260136632324109,-5.757344798329963
16.873736540368366,-1.815808490861465
17.029985905112223,-3.4847299434322276
17.658562830690713,-4.520869274409805
17.85476621176861,-5.184921566223261
16.314423618809492,-0.4965790700709789
12.304236290851481,-4.864548346544558
16.252967206905577,-0.7553853676339863
16.630034540796103,-3.202085898251461
9.11673569236901,-5.3693697641221805
16.046358123554008,-1.4600406543765128
10.346554133952258,-5.264947306378744
16.980529008381,-1.4500984491335913
10.644591000753238,-7.104369855619307
10.13569217763808,-5.9564650901460245
16.015728209145077,-1.085323077977046
10.146076274602718,-6.478302969817539
10.9840568524564,-7.237235917667634
9.917245414551543,-4.773231016138496
7.991485781508216,-5.3137833571554065
-9.01438214537959,-6.507994535761341
2.1981845674737053,-5.823462948442735
1.3321184066364302,-6.028853414436914
10.871269785498834,-5.61153667329093
6.947549799386832,-5.613848983786557
17.789391954786765,-3.374857924807863
18.90763415206499,-6.820761677474408
17.279445586175708,-3.2827752993396295
-6.488390223430223,-6.331986334509339
10.278950898128533,-5.855052720847756
18.010055006250735,-6.574693135685356
16.715803988588178,-0.6204972785965437
16.011227835088796,-1.1369573746455155
15.360772083658183,2.180802651383405
14.592502451983826,0.14906993161985227
17.181547945149873,-3.7748712221687937
7.592502451983826,-2.8509300683801477
17.77956499599199,-5.047807550696298
-13.407497548016174,1.1490699316198523
-8.969618818598898,-6.229291421839808
1.3087312871375696,-5.578782471368177
10.032937619843013,-6.510726137682872
8.294984771560863,-5.605917777327035
15.70477055966692,-0.5839168783565163
15.49807686985424,2.1346437196708745
18.00931008955584,-4.988833812980089
-3.0799357690990803,-6.14392389395297
10.28599095837776,-5.999273918712331
17.345551964008315,-2.733702609127945
16.657332254634337,-1.6745858798461817
11.083372756308382,-5.531557032940327
-11.407497548016174,-4.850930068380148
17.208990680955814,-3.2165816311536104
10.871178676879016,-7.407765820571836
17.392356794770464,-3.7429806741834137
17.133236046372218,-2.871803366379506
10.173993575613594,-5.811676606157546
-11.166395636484108,-6.7990924883667
9.13800671449324,-5.415014070607164
13.32671254510423,-5.404696439267774
15.626388331017006,1.5781238213303377
10.544835368295365,-7.15155012210865
1.4907329676466268,-5.9761240282092425
17.071404327842306,-2.5993723606642685
-13.672536948938545,-6.909549171839484
18.592502451983826,-3.8509300683801477
17.78524675761781,-4.725203201657774
2.56498396315266,-5.607440363516577
10.349199686926235,-5.5952967605338735
18.14235387163096,-5.567689219142509
10.831996872414459,-6.360064136953343
17.41641110365693,-3.018742615776334
16.091029450740685,1.1749187745605263
16.76581331475911,-2.2711547144102573
17.91991812589532,-5.558220695416608
10.913601658251027,-5.897510080652819
16.901522536432598,0.15774961331970205
17.508459477103973,-4.925054600295253
17.3214887955602,-1.9287633720993198
9.821463340690158,-5.657911685410788
5.60580282379071,-5.603964702959842
2.512097643850603,-5.782453911265197
10.353404353956071,-5.314590479894348
16.01634598461359,3.000826499270329
5.804946852062638,-5.658768214596753
10.576995290213183,-6.548067987279834
17.660924851033805,-3.528152720035037
9.768888389609927,-7.0629110474425945
17.106569228912097,-2.8125614783501898
0.8518996949549833,-5.28833903571867
17.43185411434434,-4.7549420519462196
17.356924102907268,-2.045181491935683
16.592502451983826,3.1490699316198523
17.603682732350357,-3.9613336042293152
16.270503268471717,-0.7578924256547315
16.688578460296725,-2.02263912231483
17.86749428817862,-4.592628680673778
15.536368618493743,1.5051726006197912
17.377388600416733,-2.99916188528933
16.618312570474732,-0.953508882314605
8.592502451983826,-4.850930068380148
16.26443130795459,-0.06592703274351663
2.2788824864746386,-5.638606794193582
16.965178602753088,-2.133144182658305
-6.287892920678935,-6.091459969189538
6.307172598721399,-5.172409170034241
-6.401663797934727,-6.44430886076166
-0.407497548016174,-3.8509300683801477
2.145959744841875,-5.941535560986811
9.97943997021991,-5.556235333232708
17.987878479833288,-4.5240361862174066
0.8977759748881793,-5.942428970330971
10.006012316361135,-6.394888194630296
17.391958273410125,-3.2864145914794642
10.035013400714826,-6.853550226931023
17.09544599897467,-1.9980186694957593
6.578617190456987,-5.370996638478686
18.771438873081507,-6.757881243301911
17.642440101673458,-3.9224268675135496
-3.407497548016174,-5.850930068380148
16.592502451983826,1.1490699316198523
10.439423054736933,-6.216917710133237
10.05044264247503,-6.704704701220082
6.0771859680212845,-5.499997548250165
9.6761602604582,-5.824956081386213
10.161439825214783,-6.441490509970854
-0.16928274773572527,-6.042177376683369
16.18942599242893,0.8034436538456262
16.683373233712416,-1.1004070004266016
17.40660602931953,-4.183192611859932
3.247705263311353,-5.945887283943856
17.978158524655694,-4.8376085078546165
17.650816769799384,-3.7837172078214336
17.54252291389773,-4.264638678962453
5.0185376898055605,-5.674369830276404
13.759955347156506,-5.048476586411049
-19.407497548016174,-7.1032085800961084
10.507302408881555,-5.44212781906657
18.393755927960008,-5.67101297955723
10.559186565061477,-6.446364676918789
1.062074249703862,-5.833396294707316
10.254929594770749,-6.6363930194586
17.19996525957381,-4.831415747780122
10.757138170637047,-6.316657611987034
2.0138608238811377,-5.918158394240939
1.1949402294910767,-5.757924936921747
16.836230710391916,-2.4031797157174486
17.454874470175838,-3.979701711360814
-3.9700176227696433,-6.402000900872645
-15.407497548016174,-7.850930068380148
17.867691449172113,-5.429708609208898
17.279763163922972,-4.029836395230617
18.37582762478036,-5.32778408554727
10.562580705501016,-6.961136142666669
9.755220489953134,-6.596622836229415
10.009354254839167,-6.419493734032879
16.59386692902853,-2.118986395634985
-1.2617437246689631,-5.566794276286825
10.05759695934306,-6.4028873918635725
-3.4110342437936607,-6.171088185080941
-2.164222631625557,-5.9914510258125935
10.3685105705024,-6.3928083157185
10.62691354180055,-7.5304370217962635
5.545320279155472,-5.3630763284840635
9.515528243807875,-6.753318983276764
17.92981990871859,-6.538096722943216
8.796511471627554,-5.605106032798786
5.9135620783719105,-5.510902218010422
17.492581002423048,-3.3270284419620344
4.448451548369691,-5.886499233355515
16.537212530467063,-0.9164636514847275
-11.407497548016174,-9.850930068380148
17.704752925196487,-4.033357567832194
15.615167959756654,0.30017316145714634
11.003810265097782,-7.95825167915511
17.927221223642814,-4.435116508260228
1.5202822894998345,-5.504025879089548
6.335635320453454,-6.251618170530048
16.742393762006884,-0.9694709558351264
20.592502451983826,-6.850930068380148
8.979717519985938,-5.407917089428942
17.17987958174171,-3.068827148294174
10.60660698085311,-5.337921955023947
18.03097589251666,-4.9966475566815545
5.957072499825612,-5.698682242522655
10.093450233057574,-6.648075840760265
1.99205816295322,-6.065917462090223
9.884583500424638,-4.920910878005916
16.182707015123782,0.00433757918466382
9.757943693972827,-6.98985138652816
17.126181671188313,-3.2916915760919694
9.943454311444155,-6.8568140511984215
10.198879787355317,-6.41237737005972
17.11910633719905,-4.104784625965131
-9.495161090877732,-6.024562236992072
9.347937166837678,-6.248921219456476
8.821088434020766,-5.507447598238493
16.495090847304645,-1.0270800888915093
-1.4118723301330363,-6.3077716653680405
11.222399002302618,-7.857016381897139
17.648573830875318,-4.122862029400727
10.360167985972877,-4.9713387644005085
17.005590112745562,-2.0130128753424286
10.249999402117426,-6.720798171966729
18.63252714078262,-7.557182435491107
18.196222880073424,-6.188914765069846
-2.02050051096556,-6.210773737323211
10.2777120013239,-6.518534003139173
10.202563489103412,-6.375909805950267
16.899707182646402,-1.7240233077273721
17.792828494277522,-4.9685390274565435
15.136427855811725,2.617768525455495
-11.407497548016174,-4.850930068380148
-0.407497548016174,-5.850930068380148
-0.9171397654860787,-6.062640550563433
-3.0079189361034464,-6.034510272768796
17.330478439349488,-2.2391882898201585
15.440498531307515,1.0367460386639813
15.587396067206761,0.8566550461458187
18.65117574958214,-7.315526634511168
2.70456618973214,-5.687142746119852
10.117027257984265,-7.039155792589724
16.02253358041409,1.3537158269887937
6.420486462644745,-5.543587551502442
4.054173623771922,-5.928474616509697
10.389781798210475,-6.073983419539138
9.948216032024979,-6.927230729137195
1.863222684921248,-5.740074762480641
1.9177105256294624,-5.577757536152428
-4.741633422435623,-6.077806413761282
16.81320466797016,-2.8860148634998373
6.59689249552981,-5.412437188471232
11.105603353501188,-5.613944771253667
10.169353394347446,-6.471971053640543
17.170988843182815,-2.009169587988297
3.473515456024545,-5.395866731840618
10.480470624960237,-5.7987795110746125
15.893531560727492,-5.275205968297479
17.140964414950627,-3.3403618040990772
3.4203916249176283,-5.738667311060486
10.458932778743517,-5.89657129971439
10.136830907695932,-6.109114021096947
16.699572222405767,-1.3251819713648274
17.036925595512077,-1.4094633260679321
10.244966365733205,-6.932258035676586
10.617098087152893,-5.624804499406878
0.2572456414674824,-5.581884631914197
4.592502451983826,-7.850930068380148
19.592502451983826,2.1490699316198523
10.061844643507275,-7.3689211398999
16.874394144351324,-1.378153674895764
16.92241951387897,-1.8069980887712316
15.818328005037355,1.7923711214880962
16.892817341265747,-1.9011691593520659
5.592502451983826,3.1490699316198523
9.687571446102261,-5.030472464577797
-1.480155111240121,-5.825318845551879
7.464441749074368,-5.421021396174978
17.041385403996763,-2.6258026633284492
10.35809525331892,-6.187436807383986
16.24308842773425,-0.12184801182642735
17.17838995381916,-2.4065732761151395
17.02677037187209,-2.05795827257643
18.600566390623186,-8.622548126176227
17.83338475714978,-4.1326999498423165
10.440661988056785,-6.795974573381221
-3.299086577929798,-6.24805167968504
10.592502451983826,1.1490699316198523
10.622131836994603,-6.325576456571541
10.758727349445216,-5.994105410692495
10.70356964489695,-6.197833884098862
-5.929146467613533,-6.2501337666186005
10.14410548368212,-5.303037568672269
17.61399438545441,-4.9236037324067485
17.317985053821975,-4.237051436066392
-10.420745210132903,-6.32655376508314
2.147960464189039,-5.685143949216641
9.926445107876495,-5.466313046495654
-16.407497548016174,3.1490699316198523
17.80631874217461,-4.232728106870195
16.844653434937744,-2.7581379807437285
-4.138078354909013,-6.050366621121016
11.304382906488458,-7.0541595867671605
12.564594256669892,-5.018853205254047
17.595459572126053,-3.002775272913932
15.936040244403832,0.4013170796400942
16.645485609491384,-0.6457138876080739
13.481984812637178,-5.648995581351289
10.759990519865207,-7.533320478294022
10.488708624426787,-6.166825624303792
-5.22878409597646,-6.69846970508082
5.300464601445745,-5.795588218524334
17.996449632192423,-5.109569015205226
17.487051317744587,-2.29997368836765
9.444189394238405,-6.077091973427518
10.060924727647201,-5.266201007421229
16.89565223364907,-2.04356025772436
9.984372348933324,-6.785392392655358
10.455564651232413,-5.864283552413255
-2.591761518261473,-6.28261432873872
16.57401388104726,-2.33439461660686
-4.7599291411153,-6.391396392316547
10.172418704513305,-5.239990152301603
-15.407497548016174,-1.8509300683801477
7.7991599657082755,-5.183154519923957
9.597310551586109,-4.04894218377802
9.826960322501186,-5.348751681569273
16.486837548991115,-0.925228247330304
10.309777920080197,-5.411782300838292
18.284351455334875,-5.117238340282507
10.288049063833366,-7.573096877118987
5.365113126165428,-5.943176744245326
9.012849968739072,-5.224015378535442
10.173101189724093,-5.676992750092545
17.56220246956032,-4.592765773285809
0.4954855040999515,-6.208012729151926
17.70861153837794,-2.9648087540372603
15.592502451983826,-1.8509300683801477
17.428482492696876,-3.6848866422289728
10.670773083455042,-5.898694951009625
17.431005117093935,-3.0389997118766887
17.323032117435776,-3.413850380693693
10.680479219273604,-5.214335112194459
17.147325714329384,-2.4398212829185955
16.713338500690664,-0.788039141501955
-0.442288042306211,-5.87422219909872
18.352973337051882,-6.075145480350584
9.955679270305135,-5.926816157186422
10.856250010772762,-7.26216243940694
-0.5367837278845085,-6.298612287498461
-6.458801899863273,-6.224004136877425
9.916538293624464,-6.564040715969242
17.507872081408635,-3.234198676119372
18.274937167032032,-5.562359606265972
-1.886924388263444,-6.203951534796237
0.7288177142247019,-5.989629292066077
9.21004447353652,-5.477971810089298
12.62676941744849,-5.5461677168676
16.413070484183635,-0.5694829835779562
10.917069477940423,-7.9075315702044655
-0.407497548016174,-8.850930068380148
16.956174682607255,-0.8394823089222057
-0.28602656986699504,-6.062430295198185
10.460391335290648,-6.448423148770832
8.303521044065544,-5.560245580701387
3.9279876718605196,-5.4332049694772095
10.342773593112133,-7.379658440557263
11.256298952781764,-7.407548861501047
16.468444717971057,-0.9635779419383563
-3.7165115113185294,-6.158384900153947
10.281953841235449,-5.819599996821255
10.00696782513305,-6.358200205285643
10.497772260187391,-6.32899664283107
-6.672116750646708,-6.104527710592324
17.347560922225966,-3.6791727207575073
10.369295496192596,-6.0726254921610145
9.842722863095636,-5.245019499779806
-3.0387822922922547,-5.966929819999907
17.01101233169829,-1.2344196396569918
11.015005841231376,-6.553290953138464
0.09212537808205257,-5.775080509220689
10.717153942333791,-5.792060778349643
-1.6926339619276165,-5.937921266306889
16.211786799763964,-0.7081107139692264
8.892923071815641,-5.229776794968057
16.481399645348088,-1.1838681941694642
6.15593219301199,-5.874631318884905
10.78452553076404,-7.4878224502000865
17.531875386049183,-3.2102696944105666
0.44983281258558483,-5.926504506129349
17.463342743738835,-1.940733854197172
9.976509475880016,-6.019139099616606
7.951675591492748,-5.287065508266475
17.986873054774723,-3.8625636902365206
7.043978741784828,-5.508530415088194
9.389080930067731,-6.2052205337114446
9.213647312875558,-5.685921820784659
17.274069967021717,-3.7863477966134322
17.305927319719714,-2.1954989195263552
17.789114536756372,-4.773745812459747
17.049681988673772,-1.6227618451887582
16.583658544419965,-1.2895969004565921
16.757637071419225,-1.3431789610232672
-4.407497548016174,-7.850930068380148
10.334555607709115,-5.5211639118679665
16.434363348353457,-1.0260278910968048
4.8986648968289845,-5.544388473327901
17.28296295019296,-3.3760247420752316
18.264999724559743,-4.724801765985008
-1.791792675447736,-6.047978704964543
10.802690429487228,-5.988796084403891
10.71583499926735,-6.201315959835239
16.959013361213408,-2.5181164850176154
2.111280395831192,-5.666713032715072
17.650939048736916,-3.6332942479902313
10.789384859412005,-8.08853070142473
10.488316179850992,-6.778006999703193
10.840013224047047,-6.350729898064588
15.81207050491411,0.9979717969511173
9.891515263059087,-5.654908879033637
17.035634632271893,-3.5665670354263765
17.232595047783626,-2.6225345429171805
-2.5948308253382173,-6.439125557780503
10.922229200915154,-5.872914049475364
3.6235176967316938,-5.980096290382068
17.776976729190554,-3.284141768436465
15.94739672649902,1.4194147441950582
10.814155437380133,-6.494067589024487
15.61408829430145,1.4692784336789373
5.114614116230644,-5.652582616597174
7.742567000760893,-5.46440053301218
3.560006758507514,-5.906482033944375
17.576332277414416,-2.4847081069174473
10.019091699184353,-5.464853047124872
16.575103506262252,-1.6440580859154534
-1.901807925758952,-5.928650376157443
17.383972844294274,-2.399480091504693
4.493633766506465,-5.7030623132631275
15.825953917908969,1.0394205028416263
17.196198114232164,-1.9923155870231901
17.0534214215823,-3.142588187774173
18.34918977084751,-4.315365170465119
17.37395770599457,-2.560289410590961
10.240251615241737,-7.253520037169904
10.395935070245956,-5.845220742165612
17.103951774458384,-1.6946048446713977
10.915101391697135,-6.982011820623236
9.943004035164703,-5.965989275152743
18.21448491863533,-5.04286016330324
16.56050309055725,-1.2971081831747755
-7.878117267192348,-6.3340008897218345
17.180531976484595,-3.1409880954127547
17.183000909172026,-3.0013908322990437
16.95103992783956,-2.1195709928302393
2.4354803030807086,-6.082734208703433
17.5979832716577,-3.4537668718152816
10.198259374714956,-6.549248955016397
10.37711175095337,-7.469377522281079
9.882499532570028,-5.466061670096568
17.277440560485346,-3.138091396191904
16.317575907044496,0.89245760399423
16.278940919850047,-0.14950883858217656
10.48914633703827,-6.540558880079883
16.63238685488702,-1.6367442415352125
10.909188862681678,-6.498213261093049
10.621405339108232,-6.625412694582409
-6.033941510113978,-5.803253174787509
16.291976044215332,0.22183536799147685
17.455858206840432,-4.107856668728024
22.90924069934188,-4.745186122758813
17.385574258800265,-4.68562521446989
9.90767304686427,-6.767882780476958
15.174671982419953,1.489033754040899
16.682885132719893,-2.0724541754182715
9.604560356629765,-5.653608380451893
18.465669822212448,-6.140931736574531
17.925740667499774,-4.656817967908259
6.883766484495432,-5.311124255107318
16.67290216886333,-0.69496063104419
3.7939997228908156,-5.767578279587903
10.782467368298962,-6.303060685259961
13.044296885888135,-5.306343803223489
1.629288052441623,-6.1868204593638705
-0.46197733773165606,-6.058929416610134
-0.7035413668887234,-6.003184324077921
17.339308337661993,-2.90284982126047
10.13967442801986,-5.04045801798248
9.995752861251427,-5.058756498418564
17.06612405887675,-3.5963524209917037
9.521933826043915,-5.653572584362155
15.821473458863721,0.08818593404816122
10.562726889450078,-6.517991937404558
16.618667920914696,-2.701762130646021
17.025672926626058,-2.6120816287745896
17.231547538705232,-1.7666883077722977
9.989333509085283,-7.746100691445658
-12.407497548016174,-1.8509300683801477
16.812076900279667,-1.6203638730844285
18.936438917617128,-6.807501688597593
10.122414935008807,-6.898165548830971
10.234294755065433,-6.399992720577998
10.73850610529506,-6.308889257897748
16.964153447805536,-2.6650798971737384
10.62552723851141,-6.700686486459145
18.84814332740457,-4.931321163656769
16.457440766024916,-5.053198713714651
9.6739947893095,-5.563501466191751
8.97124299393573,-5.017399589337474
17.8001997943458,-3.9463423997817393
11.425033546668951,-5.331893817883006
17.79249062959307,-5.5578030279865205
16.723278307885387,-0.9692746221901183
-5.742304472908405,-6.171488152778176
16.53445104534074,0.5236294378667039
17.50228118256286,-3.007792221629086
16.55100622787314,-1.4898499518772192
16.90605824992242,-3.0105033399567973
9.54835443465571,-5.986124205124198
1.7953154502800717,-6.113803873132962
9.262172619949535,-5.3203148700009155
17.62884282544244,-2.8773811375745884
17.4435087917296,-3.921913371272833
18.315891461760618,-4.678238370623427
9.575504693230561,-4.8240227797437925
15.92307613627476,0.6999190551837882
17.563872090333447,-3.758204430586514
17.446364088080283,-3.2794706036199504
16.39681441039215,0.15406431377677077
16.572955150527253,-1.0109565071182045
9.799092380591055,-6.96918118608522
-8.454569138933996,-6.305960039074656
-9.407497548016174,3.1490699316198523
-3.407497548016174,-7.850930068380148
3.592502451983826,-0.8509300683801477
-5.2447302692067055,-6.197412969087555
7.446388714045583,-5.647419762011335
-0.8512050947364536,-6.319277492320374
16.717336326572898,-2.8170678030107252
10.409600253386929,-5.1116092904325825
0.699642116973497,-6.380975073044128
6.885675904096998,-5.768635624808024
17.689919977595693,-3.59056740063661
6.7055508536878685,-5.523260842747225
10.74164046532206,-6.419981612383123
10.812167949880163,-5.816400977137921
10.363917173560608,-5.508017417454434
16.301543581530336,0.28701281178828797
-5.964798693234,-5.9392010375831665
10.16269207077577,-4.6270823212260135
10.540973802819867,-7.855651740968275
9.532337957925387,-3.864436577108516
18.557187456270714,-6.7293474461444855
0.9042612936114924,-5.372667057929789
17.85198372312507,-4.407557359709461
14.913998380601203,-4.699893684990894
10.627138764333132,-6.164661006924913
9.638266187052196,-5.847897409838819
10.034955343537698,-5.658377058951204
17.95445987886891,-4.609003014183043
1.482366492245978,-5.63428212736922
15.847279814179329,-0.6877649167242974
-2.231661920638089,-6.0232543442889135
9.445545986082642,-6.7254617966827
10.14773035971381,-6.271619900429662
18.5113312904726,-7.284999587890802
-12.407497548016174,-6.850930068380148
16.114528262334872,0.1310521360993131
17.57347081527897,-4.303754822584013
3.1613349749966466,-6.092108360610074
-14.576690524254937,-6.711976152258958
17.38764417662575,-3.703759317819166
11.237403067697374,-6.729741998118274
-0.5146960166337622,-5.7279677017091055
-14.407497548016174,-4.850930068380148
0.7978882146245629,-5.950622984985443
17.34026712576937,-2.378579000726345
17.00500324740884,-1.5147944413220322
10.58586726367246,-6.45464785353787
16.631732358048026,-1.9003312802439072
16.427538545096656,-0.20033769159838943
16.43374232294369,0.5565724096732363
17.468362677660153,-2.400269684432017
-3.3566672556160784,-6.049741659317048
15.921073134965374,-5.3019007101749684
10.410413717322738,-6.720665854366175
17.449147229391812,-3.409219501731072
-2.207582126305236,-6.338209339446399
2.948597170012272,-6.0257137551087006
-3.388157726093829,-6.084680082341127
9.789197933966332,-5.146270525867147
17.052320645336188,-2.039592097310413
17.358262122140776,-2.4374055134619255
-2.9968961477359386,-6.192508589377246
16.857259027239223,-2.413826822318594
16.864370386687707,-2.6312529849763373
7.359296492259313,-5.894297599405905
9.72760773528387,-5.794777638768544
-1.6267060304339402,-6.319768234744432
-3.807808877061383,-6.404018618301704
10.402058980808127,-6.819273699009005
10.267103292215152,-6.3532136432298865
-2.6624474730936694,-5.995995719419524
16.827457616105743,-1.206667712281799
16.592502451983826,-7.850930068380148
17.174570899112965,-2.5037167965969047
3.2905749402703006,-5.530679734028782
7.468806900057018,-5.9352825844914765
10.922076436363902,-6.174223371852335
-10.652014928356921,-6.507836329740676
16.269622256668836,0.09451475784733532
10.213167970554068,-7.011925645143373
9.74738602385026,-6.101180787269678
16.4552046569394,-1.3432873844147761
17.011671686395648,-3.9918154342556322
5.64902513673186,-5.580912252537593
16.146444566432006,0.3392078544749655
17.63212261485481,-4.923235150658313
17.099055399082697,-3.4243811066221115
3.1398958207140657,-6.4254582240816065
16.718130033942472,-0.25037819105909653
16.15803656425932,0.28989686937292136
8.230025853974869,-5.231430146957075
-6.7497434223110595,-6.085620289121064
-2.4109715209018185,-5.6893349838936516
17.161776962902294,-2.7987558761249263
17.128892903785914,-3.954643725439759
6.997342291583928,-5.690784324530751
10.810232200170715,-7.3918202195688725
16.801272227192786,-1.3123246703738631
10.907531405572836,-5.4041059982364335
-11.09435764177507,-6.665087884566575
10.42345615041091,-5.836790928566112
11.084575311299101,-5.887853365599828
11.3091047203535,-5.053504440671555
9.733984137663557,-5.20971138940161
1.9931874734783355,-6.025229380439253
18.057998448408345,-6.035230334056353
10.381083066646175,-7.27977248695891
16.61496495199683,-0.8455089617528837
9.794576272256041,-5.175790186513157
16.37789012311629,-1.0043789345114065
10.648315035772297,-6.9790395664884555
10.251978288220448,-6.492467265252423
17.71090023742789,-3.12437216195325
6.7158772955103245,-5.750256664757988
10.991792399854907,-6.136864455418804
17.40136320903017,-2.7967016215554965
15.79232343879297,0.6204136422497628
16.708376431070366,-1.0701066282734375
17.87607533865169,-5.206490714141924
17.503355337145887,-3.442506270984703
16.362658610905658,-0.20898289939977444
10.592502451983826,-5.850930068380148
16.868654601616125,-1.2022963576194254
10.254130741126097,-6.186389081525557
-1.0985549181059886,-5.959975596072635
10.531029229749617,-6.045639847299793
16.279473069766084,-0.9568336845694951
6.529458631753684,-5.563436566054571
-7.213590976530799,-6.303690340728456
17.705349171843704,-3.773261603067775
10.10726461838033,-5.439727519947804
16.50762776549098,-1.9082094374858507
2.100222294749786,-6.172241313463922
10.655605326079472,-7.090775833101589
10.072527691963504,-7.347162518542523
11.739448543566676,-5.100202038138303
20.432428771994715,-5.201971773782129
17.037566224753768,-2.321622721590477
7.2816277655472685,-5.674039820889068
6.705907149213352,-5.789338087808621
17.558774792941772,-4.342486022208793
18.361302750382976,-6.324218659795904
17.23955511308342,-3.2833497657860815
0.1671686033484594,-5.647786539617579
18.592502451983826,-4.850930068380148
16.463871103135425,0.5681027380739834
-5.240278406786214,-6.485623837984028
1.192708119686905,-5.83605020934053
16.99217368665738,-2.553549770690043
17.392021596483044,-3.635392500580152
11.083196672200305,-7.106955106241756
16.67793059200371,-2.1032229668886355
18.015479685585944,-4.71344172508131
0.8436784628003586,-6.205785947113507
16.708173785970413,-1.557200284537846
16.666632875910274,-0.7854974777394257
19.798408589411757,-5.00010754723907
0.7112067714430821,-5.790001452294373
17.326321146697495,-2.5273563610345957
10.33375631280819,-6.984991935745584
-7.4425947543093915,-6.17055587816534
16.625210664906724,-2.35022026490776
17.56293079500987,-4.0980694657908785
11.459317904105134,-7.175964923433094
16.619431252956748,-0.9086008441076665
5.316221756115209,-6.041110438046575
15.92945605202299,0.7757610622945692
16.377862375947835,-0.005044636160533855
19.1314972489239,-5.000742983796863
16.53738084101647,-1.319438846157844
4.438485726816303,-5.385493389497267
16.43245755865477,-0.26959966468189434
18.258775856774363,-6.400031250027486
17.456579655924923,-5.173831099225712
16.413357201790905,-0.5900103099122553
2.6292585460825735,-5.849528954804136
15.77370981214313,2.4868995845777544
17.552326598965536,-2.8352626577928484
13.852260476952727,-5.174282405192339
17.37771548780548,-3.2018178909086976
18.64043295947529,-6.935933696649573
16.119825280701157,-1.4152649308277914
4.885124295440073,-5.688091214691153
17.034915515105073,-2.961901698311904
11.68445475950747,-5.240516745504753
6.033796263836072,-5.630128408981431
17.455167824767038,-3.7780978356210846
16.962279763600005,-2.6815585650780687
17.681167030765188,-4.096858741111751
10.091802067703233,-5.508489880390253
17.980739752997174,-5.000173948367964
9.987114001575724,-5.62893445418846
1.802765993678848,-5.953053445818678
10.35591682794834,-6.587695268564273
9.414249093553211,-5.452633421547676
17.111725764192776,-3.4818230529229797
10.107378351546526,-6.663972780768831
10.25274085752704,-6.22851982745551
17.2855029680928,-4.611390253448109
16.634178796964484,-1.9043903568743858
17.27908560425758,-2.5647527471855978
-14.407497548016174,-7.850930068380148
15.547522274947713,1.6148452684454817
10.503378229802369,-6.832419943625807
16.205765968672136,-0.9866549718156243
13.278539495167985,-5.3848848774907685
17.861115710938925,-5.092477612500003
10.042307264076062,-7.104662538691687
8.134324635174004,-5.459495916639619
17.499043254322046,-4.766500690262895
17.398405598622592,-4.074001303682005
3.939559840974337,-5.785990880815003
16.467855641589477,0.30048861152263484
16.499556860811335,-0.5167350597889735
0.5608689177629733,-5.802585169300335
2.1755152987733357,-5.726090089327882
17.367441663876587,-2.8414622101836478
17.42224966514861,-3.0792437131300145
17.554215511567705,-4.06386783270005
-13.407497548016174,-2.8509300683801477
17.73065421283494,-4.183560761034981
16.15745847113536,-0.6233652296968117
17.145259091114287,-3.207948148093191
17.136714730354278,-2.5118507052700836
6.476263150350282,-5.492326184424223
17.97842846119402,-4.5152833674877
16.66882100273638,-1.2390551748677694
4.976919866309617,-5.768496482718602
15.972991299006692,0.7172246735959451
17.146295044822768,-2.199987862188991
10.058218480942978,-5.541634968313889
10.52948058171899,-4.971441359485815
17.765720915016935,-4.879214521272804
16.8315574845191,-2.995872478503497
17.496784088928838,-4.726215618914198
-6.117556524728666,-6.353803145057815
13.194537026060283,-5.191620915115795
-12.378886620771512,-6.591859903287107
17.42536583082724,-3.4307097211911186
-1.853410935549105,-5.833006319935257
17.418586670622933,-3.8154848342269894
-3.227653480728727,-5.922270764488307
17.40214552216608,-3.9730271267660036
17.578138098750966,-2.9099342990695725
3.623802950460248,-5.829653544877934
18.326283107564617,-5.985805222653329
17.30812876403799,-2.913733572735768
16.554529865888764,-1.5035677921839203
10.113417875281694,-7.787150849573301
10.915267651387952,-7.918914767359096
16.091010254683006,-2.0966232511013034
16.467800343954668,-1.0751130387408994
17.67162011625868,-2.990283749435901
9.323302439080594,-5.688539093781396
15.91223667068402,1.2752065754824584
-0.20972145745653492,-6.2131030245501675
-8.028891873125982,-6.664757174479726
16.62448818158423,-0.6429211686752954
10.134434066019583,-5.56369709579085
0.7851313082019256,-5.733348370709152
17.23444105337303,-3.856813775352636
11.003324431602248,-7.390329239757189
16.132735649507424,1.008071191735985
7.9347858171270245,-5.682046300008438
17.54173444141839,-3.8620710912862597
16.833164283642333,-1.60299007733238
16.653575320134138,-1.8183763397296926
17.39731904700036,-2.3811136552214607
16.721757729623366,-1.4830133353350299
-0.013323414885968443,-5.636950232756755
-3.3236416005606175,-6.128923216841195
18.257911822747065,-5.817773629813649
0.592502451983826,3.1490699316198523
17.38079996605755,-1.3375307683874644
10.305897773032104,-7.212561910220864
17.650538989303655,-4.424534135976667
17.076999457624055,-2.7401908698654807
16.856698678452357,-1.9167934244173197
9.813183740876395,-6.658787810217308
12.301100058695217,-5.429190240379445
-5.2267957306861845,-6.137573496686788
15.771668283758261,1.6916516507669836
15.835506741763762,-5.0598348315135455
16.730597325070793,-2.32183543966193
0.6686383891083123,-5.9476612106778415
7.300702047868876,-5.384102357468259
17.550041092322818,-4.858877566469143
8.147605688557743,-5.641499501686318
11.046951863384127,-6.3934883814606405
15.777121231804573,-0.44504043799344073
16.363836375284663,-0.6880327548316443
4.612661693034504,-5.59875439443983
17.273610563336874,-3.8000279884496004
9.802964193040056,-6.3462221367709715
16.109587579139955,1.4004392264908345
18.192085655627395,-4.135107498094452
10.718135368306244,-7.508947820407718
-15.407497548016174,-3.8509300683801477
10.297062767422839,-6.326734389513759
-0.516649040786259,-6.021410445313742
16.934724969114487,-3.1284975234348167
12.012822249293453,-5.419109806551397
-15.407497548016174,2.1490699316198523
17.53999101777765,-3.9746471813354187
16.841966130268197,-2.0066978589322897
16.196583244376207,0.3002423959448062
15.927472333114421,1.0485204699244326
16.488339467350272,0.7928255739898149
10.700152162122764,-5.833952331251713
8.726834447114532,-5.289658843537891
16.552895608992927,-1.390452456928022
17.89569422704353,-5.711603456737192
5.335807366962226,-5.419370114480944
1.554821538103525,-6.21503391704056
0.3789615826912769,-5.879934517905064
16.670326863729723,-0.5619224575897093
20.530067721546907,-5.100376445228791
10.740065399063672,-6.449911211097889
-4.217511986784398,-5.975312066008685
11.79668112370509,-4.937458552402478
17.718255822490438,-5.299174546802666
17.83380966400526,-4.059561377411335
17.27554302421328,-1.923019345180471
10.628260635511234,-5.815384690500445
17.958811013207068,-5.637740726117084
16.438949821865688,-0.09066532072274125
11.201123305735765,-7.221137298860844
-2.7053508828771635,-6.1383294490773475
16.91363177878728,-1.4259177372253735
17.836063589493055,-3.4572196552821834
4.642298833240503,-5.558364972710832
9.740789182826955,-6.330238334836141
16.627552959922085,-1.9345003748080705
17.42808792538676,-3.338430835262952
-4.754347082052741,-5.940397022379399
-5.579176864239438,-6.476722195902968
7.592502451983826,1.1490699316198523
10.53905288111228,-6.8545141137849495
18.028548409063458,-5.335288524662972
17.76502693510594,-4.290399494204644
10.161381516881457,-5.952870107791578
17.850098494398637,-5.215778415727592
-3.6105935155956503,-6.24342766374632
16.273728388362688,-0.5668559556614685
-7.407497548016174,0.14906993161985227
2.3896145803409805,-5.96171405968146
-8.06072110794965,-6.47258353692313
10.362326431582028,-6.929683407059683
-0.8889103085178105,-6.187260997291261
18.320852893715088,-6.181353862433822
17.697069449190867,-5.415117887483005
2.053957753767924,-5.786714904915696
10.563218818864167,-4.714804234515694
15.807013816306108,3.40091395648626
17.15265439133937,-2.2282900355984623
10.204576597340653,-5.975918549150756
10.250364630743752,-6.435120989465624
10.32678570242456,-5.692676642899906
17.729668726376712,-4.7455991334053085
-0.6401876427583812,-6.0462336932448615
-8.20038653908008,-6.513503371597536
10.136210567719683,-5.683645213798915
4.144620295769852,-5.672825401287094
10.326925602922591,-5.9433624183285225
17.166846693156042,-2.7042660833280263
16.634631132933855,-1.4138664899421256
-11.160709959479718,-6.806354170254263
17.6208757377384,-4.415886720287984
-4.7542930738555995,-6.489189752387956
15.689174561284322,2.423191323869257
-5.942575177707214,-6.322871424976279
15.634541982871841,0.6219665157271175
11.150730710238784,-7.616449286322007
9.776468638569723,-5.842087541729564
10.065748653057248,-6.327823869763512
17.009065199980622,-2.938211458841904
-0.3169415570186658,-6.102188840609342
17.721520450072813,-4.377378334062485
16.757071736622056,-2.577021439272175
16.9798642014835,-2.1905788072315118
-6.407497548016174,-8.850930068380148
10.521623577622664,-6.174556725680656
18.408174198110167,-5.081504405649724
11.838921419816888,-4.908433761192333
16.55051938029853,-0.43890357376365063
12.509032815964478,-5.534157885758299
18.03045436155928,-5.249583042632143
1.8551011342907262,-5.453399439960768
10.346961328101777,-6.265987963735183
-2.0368909298654776,-6.377146610307666
1.8146071383691866,-5.988763322306221
17.570639390257785,-5.756265285252248
17.592502451983826,-3.8509300683801477
17.212580463439025,-4.013007733208169
17.34734173103646,-2.632071123013291
10.323224199302487,-7.3010469272344825
-13.93591376554958,-6.552028128185314
17.107537577115597,-2.873228604445096
9.94502358114669,-6.873089105799373
16.875794462912815,-1.6945051696989357
16.26037461498276,-1.1111891020436535
4.056043630660777,-5.709948116426939
16.96803634079244,-1.946772693489893
2.289596447548436,-5.791768348540037
9.916162688674314,-6.2127181174998505
9.837772117521919,-6.128987381823436
17.53291332960666,-3.750378349551998
10.289767935328625,-6.139620089478371
10.527405366682451,-5.191965316814319
14.643764281596484,-4.922161857049151
13.436805581256639,-5.326843108235733
18.004873231177307,-5.296603779130597
17.67724685997965,-4.056383132940282
18.511034219452554,-5.619605492853513
16.836859117899582,-2.421707407788716
17.11129685017464,-2.672898320702202
0.7914912325473269,-5.870882951400242
13.447369348892424,-4.914263376872199
7.124107337925185,-5.241212354824346
16.66739967262974,-1.7700367587938137
8.13842398805751,-5.610320370405401
18.250806952887714,-5.767283233796424
-4.246900279930537,-6.492977911777236
17.47620691776697,-4.694845654108448
17.09498056664781,-1.9351317386242433
6.39147412245045,-6.006908260224185
10.566078045102024,-6.511523176170655
16.85814430820664,-1.2574493612179793
3.592502451983826,-7.850930068380148
1.886825554362955,-5.656928542978847
-5.899648279473928,-6.3621227747340985
10.239731859241688,-5.6497857997753425
2.0950980829249577,-6.139236613654368
6.721506350594556,-5.519539058734382
9.086064035670315,-6.036894123363991
10.967025434938341,-6.870793568050525
5.567593783892999,-5.729421444513828
8.390737912240706,-5.6129412796402205
2.02146055739574,-5.821064240291672
16.55263124877831,-2.689066709983001
2.2572309630592517,-5.500301839300263
3.102559699967279,-5.589529887497319
16.652698411457926,-1.779523150368306
1.642264340882965,-5.604031064836659
9.749667599705916,-5.2130020187543025
17.555850709895733,-3.865842165031048
11.89632490658296,-5.3335829346272146
16.553320631316044,-2.5632755848012616
-1.407497548016174,-8.850930068380148
10.115221307282685,-5.660778028722168
15.7061593135442,0.18408519109832566
17.943513453205636,-4.453022699616698
-15.407497548016174,-5.850930068380148
17.407790806105385,-3.0824812616037573
19.198099471488526,-7.73943045392592
10.154881944668718,-6.88123670163701
17.75391748751368,-3.784433213858552
9.899175156213836,-6.16333629678098
9.869950983958265,-5.937316325322539
9.56141432928888,-5.114962515570413
9.685295475619974,-6.6892788018118114
16.605819748201622,-1.3079920508655904
17.62393662924344,-4.605792930447672
10.517343507445682,-6.8548297247525785
10.234053600434171,-5.8027172000402345
-6.12616930477142,-6.273228743741275
16.852321905840167,-2.7709355184486943
9.644997030563927,-6.573503876770634
17.511281804573844,-3.4141554347482552
10.144404788197594,-5.955749087993103
14.491612486780632,-5.042448487882108
17.267129548141586,-2.931619277733117
10.56970752260335,-6.596782874675121
17.32954631198043,-3.5981512389631387
3.7402693534991243,-5.820092541914898
17.592502451983826,-1.8509300683801477
16.687640431303123,-1.6357649667418932
9.901151362345264,-6.481319643593773
9.767765586843955,-5.702011962238963
16.860757818426656,-1.3954118227854113
6.681392574435781,-6.289208836738384
16.53606132672674,-0.6309411056717666
7.9459768132627895,-5.502813735844394
10.64536485428121,-6.518511194467406
12.034590072662622,-5.617746736571911
17.302674445139957,-3.5473231977680975
11.188685831260656,-5.826874557010203
5.422198096109014,-5.316841988362742
15.805225130680945,2.491075000573688
2.5349909092994944,-5.51992072283684
16.65857415210651,-1.335376302188201
16.79623282227215,-0.44195995248775866
0.315541075475966,-6.114025945168572
9.701043484688574,-5.883188789371305
16.44764218908278,-0.9059558442186963
10.094293390852938,-6.220833226568211
-8.985000306352832,-6.743436706476339
18.09321800280045,-5.99443517594738
2.017286619588133,-6.063058909854627
16.726149615237805,-1.1321526083139255
10.172582947629559,-5.965154947148547
13.592502451983826,0.14906993161985227
9.824414943277375,-5.261172329440891
10.576917033313995,-6.230541363312835
16.98406256129767,-3.1677630444073346
16.335557079215373,0.32246714749414984
-2.407497548016174,-6.850930068380148
10.32274285206067,-6.296352791043473
10.112618583301462,-6.93146711759347
-0.1745058556755259,-5.975369571223671
-0.27645148953716614,-6.15579689489625
8.72489348582614,-5.245308668021484
17.172686264827725,-3.755310068535941
2.49952931247847,-6.204779900091527
7.8689798471397285,-5.124602592074032
1.5054479770582931,-5.859645684314089
10.481888019309272,-5.774539626256644
10.495687964318511,-6.195124577471365
0.3309795753220728,-5.750373018348754
16.47039233927106,-2.6486343890365838
10.12299098573377,-7.045949734355695
10.484378119907737,-6.803209454338459
-2.739621579411806,-5.959878775399404
16.836054780695502,-2.315286853608872
17.53652469863355,-3.705601745260598
8.96731992092332,-5.056226620079672
16.86964832603828,-1.4827058253260224
18.215390854617073,-5.736191940473867
4.443533813213506,-5.602751122610131
12.592502451983826,1.1490699316198523
10.125036683591066,-5.905801044374241
15.803468599874366,1.037599437617685
