23
16
18
8
22
25
10
19
4
2
6
20
1
12
13
14
11
24
3
21
7
17
9
15
5
216
351
73
339
267
199
420
396
356
182
57
303
140
193
307
163
423
115
304
209
312
348
432
414
116
219
162
89
168
226
446
449
119
30
453
104
430
153
203
244
32
336
274
296
294
248
77
200
415
208
387
384
91
111
309
150
328
90
416
450
84
365
186
391
49
421
62
320
179
71
319
282
376
424
266
207
86
323
164
43
56
160
343
334
235
310
483
255
37
353
278
463
460
41
173
127
233
59
393
478
413
205
259
247
67
398
318
498
369
170
408
189
359
133
344
301
197
368
405
99
156
236
46
484
327
95
375
188
285
88
258
250
419
350
349
372
409
174
234
107
500
141
347
298
212
143
497
128
433
167
33
496
121
382
64
183
69
171
144
377
418
129
289
474
151
465
94
388
257
358
137
181
451
100
239
